2453
3245
2454
3070
3069
3068
2493
60797
2352
3087
31
453
3861
47899
73194
2412
4081
3040
3046
3044
3049
3678
4460
4287
3747
2418
6152
6153
4856
3062
3626
4032
6177
3943
44375
50990
6192
3940
4275
4276
2349
44301
44567
3183
57909
73590
63141
14226
75924
14225
14224
3957
2714
30359
4085
60470
60475
30237
60583
30350
48729
3839
4495
3626pb
973
73200
37364
41879
73141
73161
73152
73441
20381
92817
11407
36187
16530
16925
92819
36198
79806
73587
4599
30089
97053a
97053b
97053c
97053d
70501a
70501b
70501c
70501d
4094
4738
4739
4345
44658
4491
6014
65834
4489
7049
132
12622
85489b
2609
4868
48002
32064
30361
2476
30390
32123
6538
6542
24505
62821
3650
32005
3711
32195
2850
47223
4697
79717
103479
19981
18868
49743
4476
73090